   61   2   1574.00      0.00      0.00      0.00      0.00      0.00      0.00 
   59   2   1574.00   1808.00      0.00      0.00   1230.00      0.00      0.00 
   61   1   1574.00      0.00      0.00      0.00      0.00      0.00      0.00 
   58   2      0.00   1795.00   1275.00      0.00   1230.00      0.00      0.00 
   60   2      0.00   1795.00      0.00      0.00      0.00      0.00      0.00 
   50   2   1570.00   1795.00      0.00   1589.00   1230.00      0.00      0.00 
   60   1      0.00   1795.00      0.00      0.00      0.00      0.00      0.00 
   42   2   1561.00   1771.00   1265.00   1592.00   1215.00   1655.00   1412.00 
   41   2   1570.00      0.00      0.00   1558.00   1230.00   1639.00      0.00 
   59   1   1574.00   1784.00      0.00      0.00   1230.00      0.00      0.00 
   55   2   1570.00   1779.00   1267.00   1565.00   1215.00   1655.00   1396.00 
   56   2      0.00      0.00      0.00      0.00      0.00   1650.00      0.00 
   53   2   1570.00   1775.00   1265.00      0.00   1215.00   1650.00      0.00 
   54   2   1561.00      0.00      0.00      0.00   1215.00      0.00      0.00 
   51   2      0.00      0.00      0.00      0.00   1215.00      0.00      0.00 
   58   1      0.00   1795.00   1275.00      0.00   1215.00      0.00      0.00 
   49   2   1547.00      0.00      0.00      0.00   1200.00      0.00      0.00 
   48   2   1547.00      0.00      0.00      0.00   1200.00      0.00      0.00 
   48   1   1547.00      0.00      0.00      0.00   1200.00      0.00      0.00 
   50   1   1547.00   1795.00      0.00   1589.00   1200.00      0.00      0.00 
   54   1   1561.00      0.00      0.00      0.00   1200.00      0.00      0.00 
   49   1   1547.00      0.00      0.00      0.00   1200.00      0.00      0.00 
   52   2      0.00   1771.00      0.00      0.00      0.00      0.00      0.00 
   52   1      0.00   1771.00      0.00      0.00      0.00      0.00      0.00 
   57   2      0.00   1751.00   1248.00      0.00      0.00   1647.00      0.00 
   43   2   1538.00   1750.00   1248.00   1560.00      0.00      0.00   1387.00 
   53   1   1538.00   1775.00   1248.00      0.00   1200.00   1650.00      0.00 
   55   1   1538.00   1756.00   1247.00   1565.00   1200.00   1652.00   1396.00 
   47   2      0.00      0.00      0.00   1559.00      0.00      0.00      0.00 
   56   1      0.00      0.00      0.00      0.00      0.00   1650.00      0.00 
   51   1      0.00      0.00      0.00      0.00   1200.00      0.00      0.00 
   45   2   1532.00   1751.00      0.00   1559.00   1190.00   1647.00   1393.00 
   25   2      0.00   1744.00      0.00   1559.00   1085.00   1647.00      0.00 
   46   2      0.00      0.00      0.00   1559.00      0.00      0.00      0.00 
   57   1      0.00   1750.00   1248.00      0.00      0.00   1647.00      0.00 
   46   1      0.00      0.00      0.00   1559.00      0.00      0.00      0.00 
   44   2   1532.00      0.00      0.00      0.00   1190.00   1638.00      0.00 
   44   1   1532.00      0.00      0.00      0.00   1190.00   1638.00      0.00 
   47   1      0.00      0.00      0.00   1559.00      0.00      0.00      0.00 
   38   2   1529.00      0.00      0.00   1557.00      0.00      0.00      0.00 
   31   2   1516.00      0.00   1223.00   1557.00   1180.00   1618.00   1369.00 
   35   2   1529.00   1706.00   1223.00   1557.00   1180.00   1622.00   1369.00 
   22   2   1529.00   1706.00   1218.00   1557.00   1180.00   1622.00   1369.00 
   39   2   1516.00      0.00   1218.00   1557.00      0.00      0.00   1369.00 
   41   1   1529.00      0.00      0.00   1558.00   1190.00   1639.00      0.00 
   45   1   1529.00   1750.00      0.00   1558.00   1190.00   1647.00   1387.00 
   38   1   1529.00      0.00      0.00   1557.00      0.00      0.00      0.00 
   42   1   1530.00   1744.00   1247.00   1557.00   1190.00   1636.00   1387.00 
   43   1   1529.00   1750.00   1247.00   1559.00      0.00      0.00   1387.00 
   36   2      0.00      0.00      0.00      0.00      0.00   1618.00      0.00 
   40   2   1516.00      0.00      0.00      0.00      0.00      0.00      0.00 
   36   1      0.00      0.00      0.00      0.00      0.00   1618.00      0.00 
   40   1   1516.00      0.00      0.00      0.00      0.00      0.00      0.00 
   21   2   1494.00   1725.00   1221.00   1548.00   1085.00   1602.00   1369.00 
   17   2   1504.00   1725.00   1223.00   1537.00      0.00      0.00   1325.00 
   26   2   1475.00   1706.00   1223.00   1486.00   1125.00      0.00      0.00 
   18   2      0.00   1628.00   1223.00   1450.00   1125.00      0.00   1369.00 
   39   1   1516.00      0.00   1218.00   1557.00      0.00      0.00   1369.00 
   33   2   1504.00   1706.00   1201.00   1537.00      0.00      0.00      0.00 
   34   2   1504.00      0.00      0.00   1537.00      0.00      0.00      0.00 
   32   2   1483.00      0.00   1201.00   1507.00      0.00   1609.00      0.00 
   37   2      0.00      0.00   1201.00      0.00      0.00      0.00      0.00 
   37   1      0.00      0.00   1201.00      0.00      0.00      0.00      0.00 
   35   1   1504.00   1706.00   1201.00   1537.00   1155.00   1618.00   1369.00 
   31   1   1516.00      0.00   1201.00   1557.00   1180.00   1602.00   1369.00 
   34   1   1504.00      0.00      0.00   1537.00      0.00      0.00      0.00 
   33   1   1504.00   1706.00   1201.00   1537.00      0.00      0.00      0.00 
   30   2   1472.00      0.00   1163.00      0.00      0.00      0.00   1325.00 
   28   2   1483.00   1695.00   1163.00      0.00      0.00      0.00      0.00 
    6   2   1485.00   1655.00   1132.00   1450.00   1125.00   1425.00   1105.00 
   29   2   1485.00   1677.00      0.00   1507.00   1125.00      0.00   1295.00 
   24   2   1475.00      0.00      0.00      0.00      0.00      0.00      0.00 
   28   1   1472.00   1695.00   1144.00      0.00      0.00      0.00      0.00 
   32   1   1469.00      0.00   1201.00   1507.00      0.00   1602.00      0.00 
   14   2   1467.00   1653.00   1132.00   1450.00      0.00   1594.00   1287.00 
   30   1   1464.00      0.00   1163.00      0.00      0.00      0.00   1325.00 
   23   2   1419.00   1655.00   1120.00      0.00   1085.00      0.00      0.00 
   13   2   1453.00   1628.00   1132.00   1468.00   1125.00   1541.00   1295.00 
   62   2   1453.00      0.00      0.00      0.00      0.00      0.00      0.00 
   20   2   1453.00      0.00   1132.00      0.00   1125.00      0.00      0.00 
   11   2   1419.00      0.00      0.00      0.00   1125.00      0.00      0.00 
    1   2   1446.00      0.00      0.00      0.00   1085.00      0.00      0.00 
   15   2   1446.00      0.00   1132.00      0.00   1085.00      0.00      0.00 
   27   2      0.00   1628.00      0.00      0.00      0.00      0.00      0.00 
   62   1   1446.00      0.00      0.00      0.00      0.00      0.00      0.00 
   27   1      0.00   1628.00      0.00      0.00      0.00      0.00      0.00 
   26   1   1453.00   1628.00   1201.00   1468.00   1125.00      0.00      0.00 
   29   1   1446.00   1628.00      0.00   1507.00   1125.00      0.00   1295.00 
   18   1      0.00   1628.00   1223.00   1450.00   1125.00      0.00   1369.00 
   20   1   1453.00      0.00   1120.00      0.00   1125.00      0.00      0.00 
   12   2   1419.00      0.00   1042.00      0.00      0.00      0.00      0.00 
   19   2   1419.00      0.00      0.00      0.00      0.00      0.00      0.00 
   16   2   1419.00   1582.00      0.00      0.00      0.00      0.00      0.00 
   11   1   1419.00      0.00      0.00      0.00   1125.00      0.00      0.00 
   25   1      0.00   1744.00      0.00   1558.00   1085.00   1647.00      0.00 
   22   1   1419.00   1628.00   1120.00   1468.00   1085.00   1622.00   1369.00 
   23   1   1419.00   1586.00   1120.00      0.00   1085.00      0.00      0.00 
   15   1   1419.00      0.00   1120.00      0.00   1085.00      0.00      0.00 
   21   1   1446.00   1582.00   1120.00   1468.00   1085.00   1602.00   1287.00 
   19   1   1419.00      0.00      0.00      0.00      0.00      0.00      0.00 
   16   1   1419.00   1582.00      0.00      0.00      0.00      0.00      0.00 
   13   1   1419.00   1628.00   1120.00   1450.00   1085.00   1541.00   1295.00 
   24   1   1419.00      0.00      0.00      0.00      0.00      0.00      0.00 
    1   1   1446.00      0.00      0.00      0.00   1085.00      0.00      0.00 
   17   1   1464.00   1561.00   1144.00   1450.00      0.00      0.00   1287.00 
    9   2   1373.00      0.00   1042.00      0.00      0.00      0.00   1183.00 
   10   2   1373.00      0.00   1042.00      0.00      0.00      0.00   1183.00 
    7   2   1373.00   1460.00      0.00      0.00      0.00      0.00   1130.00 
    9   1   1373.00      0.00   1042.00      0.00      0.00      0.00   1162.00 
   14   1   1373.00   1561.00   1042.00   1450.00      0.00   1541.00   1183.00 
   10   1   1373.00      0.00   1042.00      0.00      0.00      0.00   1162.00 
    7   1   1373.00   1460.00      0.00      0.00      0.00      0.00   1105.00 
   12   1   1419.00      0.00   1042.00      0.00      0.00      0.00      0.00 
    5   2   1299.00      0.00      0.00   1327.00      0.00   1425.00   1000.00 
    6   1   1299.00   1460.00   1042.00   1450.00   1125.00   1395.00   1105.00 
    8   2      0.00      0.00      0.00      0.00      0.00   1354.00      0.00 
    8   1      0.00      0.00      0.00      0.00      0.00   1354.00      0.00 
    5   1   1283.00      0.00      0.00   1324.00      0.00   1350.00   1000.00 
    4   2   1222.00      0.00      0.00   1252.00      0.00   1326.00      0.00 
    4   1   1222.00      0.00      0.00   1252.00      0.00   1320.00      0.00 
    3   2      0.00   1341.00      0.00      0.00      0.00   1279.00      0.00 
    2   2      0.00   1252.00      0.00      0.00      0.00      0.00      0.00 
    3   1      0.00   1252.00      0.00      0.00      0.00   1279.00      0.00 
    2   1      0.00   1247.00      0.00      0.00      0.00      0.00      0.00 
